-5
1
6
10
94
86
1143
1
1383
-1325
-3
-439
-65
-14
-5
90
-19
-329
-9
-18
-5
-6
-4
-12
-31
-2
6137
2980
915
2510
4977
2987
3977
279
3006
164
7775
-9
1992
-4
1995
1995
1995
1994
3234
13499
2986
-7
11270
2980
-8
-4
16389
1079
3974
986
991
2972
152
7733
15
8135
2990
-6
-8
-4
2989
4717
2986
494
12689
4920
-8
-7
-4
-5
-6
-5
-5
-5
-5
-48
2988
-9
-8
-12
-7
-7
13
-4
-4
-4
-5
-8
-7
2981
-6
-5
2992
-5
-6
-6
2974
3055
13
12
32
-6
5701
5701
5701
5701
5700
5700
5700
5700
5700
5700
5700
5700
5700
5700
5700
5700
5700
5700
5700
5700
1993
1993
1993
1993
1993
1993
1993
1993
1993
1993
1993
1993
1993
1993
1993
1993
1993
1993
1993
1993
2992
27
-8
-12
32
29
-15
13
-1
14
-5
-7
-6
-7
-5
1993
989
-8
-9
-8
-4
-5
3019
3019
3019
3019
3019
3019
3019
3019
3019
3019
3019
3019
3019
3019
3019
3019
3019
3019
3019
3019
-4
1989
-7
2975
12
11
12
-6
1992
2046
1993
993
1993
-4
1992
1995
1993
987
1994
1993
-3
-5
-8
1995
35
1692
2985
-7
1993
2773
7789
993
1993
1998
2019
8574
996
-4
8114
5757
-2
-2
-4
996
997
-3
3989
7560
3126
997
-3
995
995
997
995
996
-3
996
997
-3
1994
996
996
996
1994
13961
1994
14448
2921
8648
10379
1994
172